1.000000000000000000e+00 1.000000000000000000e+00 1.000000000000000000e+00
1.000000000000000000e+00 1.000000000000000000e+00 1.000000000000000000e+00
1.000000000000000000e+00 1.000000000000000000e+00 1.000000000000000000e+00
1.000000000000000000e+00 1.000000000000000000e+00 1.000000000000000000e+00
1.000000000000000000e+00 1.000000000000000000e+00 1.000000000000000000e+00
1.000000000000000000e+00 1.000000000000000000e+00 1.000000000000000000e+00
1.000000000000000000e+00 9.975510204081632359e-01 1.000000000000000000e+00
1.000000000000000000e+00 9.981632653061224270e-01 9.995921696574224802e-01
1.000000000000000000e+00 1.000000000000000000e+00 1.000000000000000000e+00
9.997959183673469363e-01 1.000000000000000000e+00 1.000000000000000000e+00
1.000000000000000000e+00 1.000000000000000000e+00 9.991843393148450714e-01
1.000000000000000000e+00 1.000000000000000000e+00 1.000000000000000000e+00
9.993877551020408090e-01 1.000000000000000000e+00 1.000000000000000000e+00
9.971428571428571086e-01 1.000000000000000000e+00 1.000000000000000000e+00
1.000000000000000000e+00 1.000000000000000000e+00 1.000000000000000000e+00
1.000000000000000000e+00 1.000000000000000000e+00 1.000000000000000000e+00
9.983673469387754906e-01 9.989795918367346816e-01 1.000000000000000000e+00
1.000000000000000000e+00 1.000000000000000000e+00 9.993882544861337758e-01
1.000000000000000000e+00 1.000000000000000000e+00 9.977569331158238075e-01
9.593877551020407735e-01 1.000000000000000000e+00 1.000000000000000000e+00
9.944897959183673919e-01 1.000000000000000000e+00 1.000000000000000000e+00
9.930612244897959462e-01 1.000000000000000000e+00 1.000000000000000000e+00
1.000000000000000000e+00 1.000000000000000000e+00 1.000000000000000000e+00
1.000000000000000000e+00 1.000000000000000000e+00 1.000000000000000000e+00
1.000000000000000000e+00 1.000000000000000000e+00 9.981647634584013273e-01
1.000000000000000000e+00 1.000000000000000000e+00 1.000000000000000000e+00
1.000000000000000000e+00 9.985714285714285543e-01 1.000000000000000000e+00
1.000000000000000000e+00 1.000000000000000000e+00 9.969412724306688789e-01
9.967346938775509813e-01 1.000000000000000000e+00 1.000000000000000000e+00
9.932653061224490099e-01 9.989795918367346816e-01 1.000000000000000000e+00
